1.830691739802438045e-01 5.922452110369605949e-01 2.944944011651019489e-01 6.336939098376592749e-01 4.378377164518942877e-01 5.394009871120475363e-01 4.772226297875055145e-01 5.396008792773788754e-01 6.819921503218387970e-01 4.947762740683035454e-01 3.254947535020760729e-01 4.438106369219006475e-01 5.985226375093679607e-01 4.951566516234675586e-01 6.911456016756912790e-01 2.994017728215226382e-01 7.610502866186942272e-01 7.117036504156200039e-01 4.937605902495227350e-01 5.737659534253694016e-01 6.700117188319248962e-01 5.178329079437246074e-01 4.265181335858844736e-01 5.978222500341110468e-01 3.140242614346411276e-01 2.653356728304702150e-01 6.769386387671824101e-01 4.693336328885873709e-01 6.008556929820323411e-01 4.140469527160909879e-01 3.925365865062935278e-01 5.774694294240924064e-01 5.445150500887356859e-01
5.922452110369605949e-01 2.205750551262961878e-01 6.196971032808938906e-01 2.855026011988797685e-01 5.980850405042955620e-01 2.954026507112115785e-01 3.941115709493035468e-01 5.368360724644560822e-01 3.910946949237974479e-01 3.572523894530955091e-01 5.498504643004489267e-01 3.999475399971410550e-01 3.472770818773786017e-01 3.251275798998179978e-01 3.640328155855185321e-01 6.589439654931462664e-01 4.971330053830228524e-01 4.643256024053441511e-01 3.471000258339194677e-01 3.401567950609293844e-01 4.906409555044221604e-01 4.324216557607507561e-01 5.033897522903818533e-01 4.543923573599680243e-01 5.114040598090816570e-01 5.361816249927201516e-01 4.494988003896677187e-01 4.436842716372138562e-01 5.059654760872009938e-01 4.477663786445194583e-01 4.456441122389218634e-01 4.078628218516893167e-01 3.363786092168347674e-01
2.944944011651019489e-01 6.196971032808938906e-01 2.002893917129605073e-01 6.482160453278630330e-01 3.524364323825515122e-01 5.571257336926122017e-01 4.890606659080779517e-01 4.999406052245792265e-01 6.896808833773875325e-01 5.458039261822740240e-01 2.920040255014613173e-01 4.733766365979891200e-01 6.029478700488584142e-01 5.296946629395302697e-01 7.079914430255028757e-01 3.645721272900354637e-01 7.692972034176875917e-01 7.124379038810261244e-01 5.159110071087089633e-01 5.795371809760786475e-01 6.581032876979312496e-01 5.086223701136192155e-01 4.012073335783692407e-01 5.840593753369268670e-01 3.536634027007011793e-01 3.772320899768615288e-01 6.735199100838407116e-01 4.641480996373282264e-01 5.764692153870192293e-01 4.305419464444804611e-01 4.518648193224329979e-01 5.717369381248880167e-01 5.537563247540483458e-01
6.336939098376592749e-01 2.855026011988797685e-01 6.482160453278630330e-01 1.995702427619576169e-01 6.081479743764349744e-01 3.332640527378475936e-01 4.254486777942707576e-01 5.214558593044970047e-01 2.697762354412970853e-01 4.503746059110608768e-01 5.789794019742933173e-01 4.523286660122433633e-01 2.792867944860985552e-01 4.043228742006979570e-01 2.885076460911211171e-01 6.992594559423416234e-01 4.226721641200376633e-01 3.662490819993703961e-01 3.973554743214038343e-01 3.069315178767344499e-01 4.143830728845432354e-01 4.277757095572147783e-01 5.206658135292788758e-01 4.055993389406784555e-01 5.528996539869878157e-01 5.871586527472973938e-01 3.533160894275724218e-01 4.596239688137686019e-01 4.649757148374429327e-01 4.856868219525599106e-01 5.075774341366245945e-01 3.668658910345352075e-01 3.398515153936618183e-01
4.378377164518942877e-01 5.980850405042955620e-01 3.524364323825515122e-01 6.081479743764349744e-01 2.647080806435532785e-01 5.216926482067345550e-01 4.501286482481141049e-01 3.737357230381389006e-01 6.411561896728463772e-01 5.582236449405646450e-01 3.176756529995549139e-01 4.623197232595483985e-01 5.474061269839278765e-01 5.197322658361999137e-01 6.730746404804773819e-01 5.064190356422662020e-01 7.247657036216952342e-01 6.554371479809267820e-01 4.892990714107634531e-01 5.258802234599743164e-01 5.820637805078996418e-01 4.337875014071017610e-01 3.234268729641818774e-01 5.016514843589253703e-01 3.963299954390331892e-01 4.637400136306132903e-01 6.092511376524675226e-01 4.020871255147428491e-01 4.788646690886565471e-01 4.114637684165975418e-01 4.807481832881120298e-01 5.008490441360663459e-01 5.057624702483024537e-01
5.394009871120475363e-01 2.954026507112115785e-01 5.571257336926122017e-01 3.332640527378475936e-01 5.216926482067345550e-01 1.718356284354849439e-01 2.692198098556397579e-01 4.511886817926580862e-01 4.186201950177778075e-01 3.548901583010304894e-01 4.753777627432480557e-01 3.070675732837398475e-01 2.852768178181460113e-01 2.579807130683474115e-01 4.368912963928410775e-01 6.155967297331997878e-01 5.369128078919862546e-01 4.730137223594206297e-01 2.172999348441292389e-01 2.388539411061466333e-01 4.523857823617903340e-01 3.180942297036931654e-01 4.107999970757262309e-01 3.770132251951413549e-01 4.411838003933252206e-01 4.863882713625279908e-01 4.327042577280795776e-01 3.325138144066454582e-01 4.305837466454754958e-01 3.539656175508254510e-01 3.904092850011635640e-01 3.152337455116306364e-01 1.809032909891591656e-01
4.772226297875055145e-01 3.941115709493035468e-01 4.890606659080779517e-01 4.254486777942707576e-01 4.501286482481141049e-01 2.692198098556397579e-01 1.046829692224730546e-01 3.994854142436187194e-01 4.888525932737461388e-01 3.691055790757518107e-01 3.927512080817232576e-01 2.173820889338372586e-01 3.612383674671272304e-01 2.775992303500346425e-01 5.123680550375093734e-01 5.631810371413867866e-01 5.953913453762025298e-01 5.280630010830570376e-01 1.954284105307365071e-01 3.185377552096758658e-01 4.821302383238949552e-01 2.589344741751095635e-01 3.132449155322191148e-01 3.853248820484513337e-01 3.595263603636263405e-01 4.270302265054652935e-01 4.821296628130046225e-01 2.127168572332438501e-01 4.183379738225013744e-01 2.379737452190871516e-01 3.350102651407679821e-01 3.371327981817088260e-01 2.629431756292310851e-01
5.396008792773788754e-01 5.368360724644560822e-01 4.999406052245792265e-01 5.214558593044970047e-01 3.737357230381389006e-01 4.511886817926580862e-01 3.994854142436187194e-01 2.161574110539457860e-01 5.437360940199099657e-01 5.437468179480099417e-01 4.305499365035231896e-01 4.453870569259157919e-01 4.408325125792293409e-01 4.857092647122131512e-01 5.926001615395323219e-01 6.102990650937982764e-01 6.355801465221487812e-01 5.494789177087402443e-01 4.410527552105207305e-01 4.247599385811006711e-01 4.498689751588604291e-01 3.202952666091949951e-01 3.381805695247381283e-01 3.505674408359861216e-01 4.610737521926698834e-01 5.312165793411521841e-01 4.918684365559574112e-01 3.442073645399855164e-01 3.011120311935401306e-01 4.121333581594155415e-01 5.000588738153092239e-01 3.716467292006859213e-01 4.183830955661217432e-01
6.819921503218387970e-01 3.910946949237974479e-01 6.896808833773875325e-01 2.697762354412970853e-01 6.411561896728463772e-01 4.186201950177778075e-01 4.888525932737461388e-01 5.437360940199099657e-01 2.124231657037334575e-01 5.249390601971286596e-01 6.248534955837264926e-01 5.190017215816272733e-01 3.359997235244537861e-01 4.833632481066150732e-01 2.755745330377371016e-01 7.441257928181453929e-01 3.408833770014961240e-01 2.550184520856237924e-01 4.714898867376061675e-01 3.739254912871005088e-01 3.763226105770355878e-01 4.730503530882760876e-01 5.652871194888582362e-01 4.180992953940934620e-01 6.061799540329202429e-01 6.416942294302435679e-01 2.868899926022513980e-01 5.110049893253271192e-01 4.711381021790284063e-01 5.435865241324837616e-01 5.712517708401471106e-01 4.014085474394289976e-01 4.122364287114057557e-01
4.947762740683035454e-01 3.572523894530955091e-01 5.458039261822740240e-01 4.503746059110608768e-01 5.582236449405646450e-01 3.548901583010304894e-01 3.691055790757518107e-01 5.437468179480099417e-01 5.249390601971286596e-01 2.228534512764054620e-01 4.783266322414608251e-01 3.187373038111451229e-01 4.526986944915337152e-01 2.527833064972871968e-01 5.094326999533158595e-01 5.659603449040783163e-01 6.121566334100002615e-01 5.780697727263039987e-01 3.241184590593844672e-01 4.276453162414773912e-01 5.746771982669632850e-01 4.475716727287951668e-01 4.622609244428348974e-01 5.147333677719919676e-01 4.173293450266172266e-01 4.192022719297289202e-01 5.545110715970235082e-01 4.222554427339040295e-01 5.501716138085495089e-01 3.787583470646644912e-01 3.064084087735229334e-01 4.721403005579908885e-01 3.947251762988915336e-01
3.254947535020760729e-01 5.498504643004489267e-01 2.920040255014613173e-01 5.789794019742933173e-01 3.176756529995549139e-01 4.753777627432480557e-01 3.927512080817232576e-01 4.305499365035231896e-01 6.248534955837264926e-01 4.783266322414608251e-01 2.038493073748790518e-01 3.788880795269925494e-01 5.277281319954995054e-01 4.489465010018891533e-01 6.455039719861467296e-01 4.342731521453564447e-01 7.117457360959693613e-01 6.506840601442556160e-01 4.276532353470970382e-01 5.006748764496797843e-01 5.945511003252628157e-01 4.190851946568021624e-01 2.835345228871036238e-01 5.110502866397783617e-01 2.428648997551175748e-01 3.384648148105661725e-01 6.086715042145408594e-01 3.617260952328140156e-01 5.086305681284637448e-01 3.193525731090332553e-01 3.734031603485584716e-01 4.935919951677599227e-01 4.705257403686898821e-01
4.438106369219006475e-01 3.999475399971410550e-01 4.733766365979891200e-01 4.523286660122433633e-01 4.623197232595483985e-01 3.070675732837398475e-01 2.173820889338372586e-01 4.453870569259157919e-01 5.190017215816272733e-01 3.187373038111451229e-01 3.788880795269925494e-01 1.542478407164908083e-01 4.095248729592834147e-01 2.415013094221843681e-01 5.307005001259146315e-01 5.335565803153196063e-01 6.184599343027905594e-01 5.614055060083767978e-01 2.169943459094723914e-01 3.728435199188748217e-01 5.267793985345275987e-01 3.367325459296768853e-01 3.357445491073538513e-01 4.420748557529484146e-01 3.201979671422445772e-01 3.783324461643451930e-01 5.223499579540982207e-01 2.827030686574278362e-01 4.710197581347597140e-01 2.114891255447874929e-01 2.562604836448497125e-01 3.989949260425593169e-01 3.243940787207467147e-01
5.985226375093679607e-01 3.472770818773786017e-01 6.029478700488584142e-01 2.792867944860985552e-01 5.474061269839278765e-01 2.852768178181460113e-01 3.612383674671272304e-01 4.408325125792293409e-01 3.359997235244537861e-01 4.526986944915337152e-01 5.277281319954995054e-01 4.095248729592834147e-01 1.526913299954191505e-01 3.845578705288293930e-01 3.966429551285602928e-01 6.690738775635992619e-01 4.784836391747672169e-01 3.852499023443578530e-01 3.504838659511563259e-01 1.705132233990531709e-01 3.555393017831138258e-01 3.340265047938827947e-01 4.545922748925738666e-01 2.988313071313883351e-01 5.096064572752773136e-01 5.571401529833975852e-01 3.260193554587950682e-01 3.852927948625236021e-01 3.752614476612223249e-01 4.323313649239636236e-01 4.801583558620753367e-01 2.379053667956322615e-01 2.502253278615220733e-01
4.951566516234675586e-01 3.251275798998179978e-01 5.296946629395302697e-01 4.043228742006979570e-01 5.197322658361999137e-01 2.579807130683474115e-01 2.775992303500346425e-01 4.857092647122131512e-01 4.833632481066150732e-01 2.527833064972871968e-01 4.489465010018891533e-01 2.415013094221843681e-01 3.845578705288293930e-01 1.840691668514737034e-01 4.836451951033604035e-01 5.741113428350270720e-01 5.845504370787835136e-01 5.356157517179621630e-01 2.048847695336353525e-01 3.508616517697668025e-01 5.201275612827657158e-01 3.710899584475905177e-01 4.085144174316867605e-01 4.489176907091993463e-01 3.957947200972934398e-01 4.282480906314326541e-01 5.033513110497970233e-01 3.489215926574650850e-01 4.886752586479556348e-01 3.203020205950795618e-01 3.080586396239345937e-01 3.998551013374100904e-01 3.058125650589365030e-01
6.911456016756912790e-01 3.640328155855185321e-01 7.079914430255028757e-01 2.885076460911211171e-01 6.730746404804773819e-01 4.368912963928410775e-01 5.123680550375093734e-01 5.926001615395323219e-01 2.755745330377371016e-01 5.094326999533158595e-01 6.455039719861467296e-01 5.307005001259146315e-01 3.966429551285602928e-01 4.836451951033604035e-01 1.925592855520608104e-01 7.505746042436801657e-01 3.443284207652127504e-01 3.631857943166422742e-01 4.860088093151183619e-01 4.205759736173886876e-01 4.655594756147974356e-01 5.155449801006622979e-01 5.951240207981787211e-01 4.864575053100573809e-01 6.196510330494261476e-01 6.459933233901268279e-01 3.976196302714748998e-01 5.425207267809120104e-01 5.356412921313183917e-01 5.622404313121643904e-01 5.732777388028670318e-01 4.615831914939772518e-01 4.455636014837390246e-01
2.994017728215226382e-01 6.589439654931462664e-01 3.645721272900354637e-01 6.992594559423416234e-01 5.064190356422662020e-01 6.155967297331997878e-01 5.631810371413867866e-01 6.102990650937982764e-01 7.441257928181453929e-01 5.659603449040783163e-01 4.342731521453564447e-01 5.335565803153196063e-01 6.690738775635992619e-01 5.741113428350270720e-01 7.505746042436801657e-01 2.401941647729543550e-01 8.167975435982828269e-01 7.720201525848723323e-01 5.759690476683764215e-01 6.470031438596719475e-01 7.333419309453760304e-01 5.976373719416037122e-01 5.176094881963669847e-01 6.677990561383644330e-01 4.338325557939134436e-01 3.831358781826676996e-01 7.401904173864986003e-01 5.562969297838534777e-01 6.686323244583768366e-01 5.108838266651728466e-01 4.854079613849560659e-01 6.503352472819562413e-01 6.210722761989906360e-01
7.610502866186942272e-01 4.971330053830228524e-01 7.692972034176875917e-01 4.226721641200376633e-01 7.247657036216952342e-01 5.369128078919862546e-01 5.953913453762025298e-01 6.355801465221487812e-01 3.408833770014961240e-01 6.121566334100002615e-01 7.117457360959693613e-01 6.184599343027905594e-01 4.784836391747672169e-01 5.845504370787835136e-01 3.443284207652127504e-01 8.167975435982828269e-01 2.279203919851428006e-01 3.275893408478529056e-01 5.792058425350873341e-01 5.059790365292278214e-01 4.700051901410876587e-01 5.823318131635677464e-01 6.599546672709623030e-01 5.301837272183489436e-01 6.944194263046651328e-01 7.234572674275864257e-01 4.071293621591710044e-01 6.142487245207006730e-01 5.679668496483896156e-01 6.409304346680028130e-01 6.604475001411979074e-01 5.238763148846613538e-01 5.345009721939840697e-01
7.117036504156200039e-01 4.643256024053441511e-01 7.124379038810261244e-01 3.662490819993703961e-01 6.554371479809267820e-01 4.730137223594206297e-01 5.280630010830570376e-01 5.494789177087402443e-01 2.550184520856237924e-01 5.780697727263039987e-01 6.506840601442556160e-01 5.614055060083767978e-01 3.852499023443578530e-01 5.356157517179621630e-01 3.631857943166422742e-01 7.720201525848723323e-01 3.275893408478529056e-01 2.512112948054436301e-01 5.187234757479366465e-01 4.212971165751639435e-01 3.370877498127398675e-01 4.993132233242668638e-01 5.894582347315507898e-01 4.238378664321607037e-01 6.386984430549206282e-01 6.769454689478840992e-01 2.452764736935019452e-01 5.408882692720743401e-01 4.661717014968244088e-01 5.788840506104041550e-01 6.132657679158897146e-01 4.260048250949886595e-01 4.591220293493956106e-01
4.937605902495227350e-01 3.471000258339194677e-01 5.159110071087089633e-01 3.973554743214038343e-01 4.892990714107634531e-01 2.172999348441292389e-01 1.954284105307365071e-01 4.410527552105207305e-01 4.714898867376061675e-01 3.241184590593844672e-01 4.276532353470970382e-01 2.169943459094723914e-01 3.504838659511563259e-01 2.048847695336353525e-01 4.860088093151183619e-01 5.759690476683764215e-01 5.792058425350873341e-01 5.187234757479366465e-01 1.382548203565275857e-01 3.080650004063258951e-01 4.885983600135416771e-01 3.094099798963793613e-01 3.671888522175631442e-01 4.044627418239151173e-01 3.847186668319285685e-01 4.356554829843071186e-01 4.784389957978594787e-01 2.887015176465851374e-01 4.451757754616280094e-01 2.845424083676897919e-01 3.281979855336262797e-01 3.513555117981758125e-01 2.483267895817408977e-01
5.737659534253694016e-01 3.401567950609293844e-01 5.795371809760786475e-01 3.069315178767344499e-01 5.258802234599743164e-01 2.388539411061466333e-01 3.185377552096758658e-01 4.247599385811006711e-01 3.739254912871005088e-01 4.276453162414773912e-01 5.006748764496797843e-01 3.728435199188748217e-01 1.705132233990531709e-01 3.508616517697668025e-01 4.205759736173886876e-01 6.470031438596719475e-01 5.059790365292278214e-01 4.212971165751639435e-01 3.080650004063258951e-01 1.514194072336833286e-01 3.842041587817667803e-01 2.981656099053244247e-01 4.250035667899640379e-01 3.029401034246576030e-01 4.803187315588332562e-01 5.305489299974945894e-01 3.661845941559445650e-01 3.486398693895534917e-01 3.746304723651461832e-01 3.974313380602551571e-01 4.499517282419779329e-01 2.250686273846552177e-01 1.837954942064935482e-01
6.700117188319248962e-01 4.906409555044221604e-01 6.581032876979312496e-01 4.143830728845432354e-01 5.820637805078996418e-01 4.523857823617903340e-01 4.821302383238949552e-01 4.498689751588604291e-01 3.763226105770355878e-01 5.746771982669632850e-01 5.945511003252628157e-01 5.267793985345275987e-01 3.555393017831138258e-01 5.201275612827657158e-01 4.655594756147974356e-01 7.333419309453760304e-01 4.700051901410876587e-01 3.370877498127398675e-01 4.885983600135416771e-01 3.842041587817667803e-01 1.927060911300144397e-01 4.251848101440537375e-01 5.228322333090998919e-01 3.038399999178770794e-01 5.936904634433776140e-01 6.427847475468414506e-01 2.453664338806989254e-01 4.783011455086341179e-01 3.351627979927012668e-01 5.316093542002860994e-01 5.857341356327860904e-01 3.446971461462814412e-01 4.217830875156158843e-01
5.178329079437246074e-01 4.324216557607507561e-01 5.086223701136192155e-01 4.277757095572147783e-01 4.337875014071017610e-01 3.180942297036931654e-01 2.589344741751095635e-01 3.202952666091949951e-01 4.730503530882760876e-01 4.475716727287951668e-01 4.190851946568021624e-01 3.367325459296768853e-01 3.340265047938827947e-01 3.710899584475905177e-01 5.155449801006622979e-01 5.976373719416037122e-01 5.823318131635677464e-01 4.993132233242668638e-01 3.094099798963793613e-01 2.981656099053244247e-01 4.251848101440537375e-01 1.675353406475841855e-01 3.132908180738704362e-01 2.999799590747967981e-01 4.147253331891852524e-01 4.848679046045828445e-01 4.415835941123670283e-01 2.192303403503961523e-01 3.295639153887776063e-01 3.234422609923264802e-01 4.196879115211108457e-01 2.611258425014837403e-01 2.729321093239546747e-01
4.265181335858844736e-01 5.033897522903818533e-01 4.012073335783692407e-01 5.206658135292788758e-01 3.234268729641818774e-01 4.107999970757262309e-01 3.132449155322191148e-01 3.381805695247381283e-01 5.652871194888582362e-01 4.622609244428348974e-01 2.835345228871036238e-01 3.357445491073538513e-01 4.545922748925738666e-01 4.085144174316867605e-01 5.951240207981787211e-01 5.176094881963669847e-01 6.599546672709623030e-01 5.894582347315507898e-01 3.671888522175631442e-01 4.250035667899640379e-01 5.228322333090998919e-01 3.132908180738704362e-01 1.785242693910361611e-01 4.255117614119844904e-01 3.134098199563732923e-01 4.096738230359097677e-01 5.410858939021941927e-01 2.446313472270922329e-01 4.234274447532735963e-01 2.660095122597988526e-01 3.822827299319390693e-01 4.077014105808349220e-01 3.945195749959225506e-01
5.978222500341110468e-01 4.543923573599680243e-01 5.840593753369268670e-01 4.055993389406784555e-01 5.016514843589253703e-01 3.770132251951413549e-01 3.853248820484513337e-01 3.505674408359861216e-01 4.180992953940934620e-01 5.147333677719919676e-01 5.110502866397783617e-01 4.420748557529484146e-01 2.988313071313883351e-01 4.489176907091993463e-01 4.864575053100573809e-01 6.677990561383644330e-01 5.301837272183489436e-01 4.238378664321607037e-01 4.044627418239151173e-01 3.029401034246576030e-01 3.038399999178770794e-01 2.999799590747967981e-01 4.255117614119844904e-01 1.925273798166055039e-01 5.117807653765668041e-01 5.698813695489183262e-01 3.465833725148516620e-01 3.714489610708511247e-01 2.274804499262945978e-01 4.404421002288663178e-01 5.105948397759408897e-01 2.068617510321942299e-01 3.316473665812806892e-01
3.140242614346411276e-01 5.114040598090816570e-01 3.536634027007011793e-01 5.528996539869878157e-01 3.963299954390331892e-01 4.411838003933252206e-01 3.595263603636263405e-01 4.610737521926698834e-01 6.061799540329202429e-01 4.173293450266172266e-01 2.428648997551175748e-01 3.201979671422445772e-01 5.096064572752773136e-01 3.957947200972934398e-01 6.196510330494261476e-01 4.338325557939134436e-01 6.944194263046651328e-01 6.386984430549206282e-01 3.847186668319285685e-01 4.803187315588332562e-01 5.936904634433776140e-01 4.147253331891852524e-01 3.134098199563732923e-01 5.117807653765668041e-01 1.757935223239966982e-01 2.638362515647290074e-01 5.998503039772621337e-01 3.520679564431866138e-01 5.205340003619151057e-01 2.698718729407852956e-01 2.862917019711246902e-01 4.855413246380895775e-01 4.452100587499457918e-01
2.653356728304702150e-01 5.361816249927201516e-01 3.772320899768615288e-01 5.871586527472973938e-01 4.637400136306132903e-01 4.863882713625279908e-01 4.270302265054652935e-01 5.312165793411521841e-01 6.416942294302435679e-01 4.192022719297289202e-01 3.384648148105661725e-01 3.783324461643451930e-01 5.571401529833975852e-01 4.282480906314326541e-01 6.459933233901268279e-01 3.831358781826676996e-01 7.234572674275864257e-01 6.769454689478840992e-01 4.356554829843071186e-01 5.305489299974945894e-01 6.427847475468414506e-01 4.848679046045828445e-01 4.096738230359097677e-01 5.698813695489183262e-01 2.638362515647290074e-01 1.954708739682820273e-01 6.437927761287276507e-01 4.334631159741981765e-01 5.813477059997447238e-01 3.616933914241901027e-01 2.981622306274995249e-01 5.428623506439123059e-01 4.977877926638559769e-01
6.769386387671824101e-01 4.494988003896677187e-01 6.735199100838407116e-01 3.533160894275724218e-01 6.092511376524675226e-01 4.327042577280795776e-01 4.821296628130046225e-01 4.918684365559574112e-01 2.868899926022513980e-01 5.545110715970235082e-01 6.086715042145408594e-01 5.223499579540982207e-01 3.260193554587950682e-01 5.033513110497970233e-01 3.976196302714748998e-01 7.401904173864986003e-01 4.071293621591710044e-01 2.452764736935019452e-01 4.784389957978594787e-01 3.661845941559445650e-01 2.453664338806989254e-01 4.415835941123670283e-01 5.410858939021941927e-01 3.465833725148516620e-01 5.998503039772621337e-01 6.437927761287276507e-01 2.182211349096109809e-01 4.902763137449904773e-01 3.966195674173183527e-01 5.360420521111392000e-01 5.801197063312970581e-01 3.561717035280038135e-01 4.095971998964978988e-01
4.693336328885873709e-01 4.436842716372138562e-01 4.641480996373282264e-01 4.596239688137686019e-01 4.020871255147428491e-01 3.325138144066454582e-01 2.127168572332438501e-01 3.442073645399855164e-01 5.110049893253271192e-01 4.222554427339040295e-01 3.617260952328140156e-01 2.827030686574278362e-01 3.852927948625236021e-01 3.489215926574650850e-01 5.425207267809120104e-01 5.562969297838534777e-01 6.142487245207006730e-01 5.408882692720743401e-01 2.887015176465851374e-01 3.486398693895534917e-01 4.783011455086341179e-01 2.192303403503961523e-01 2.446313472270922329e-01 3.714489610708511247e-01 3.520679564431866138e-01 4.334631159741981765e-01 4.902763137449904773e-01 1.622772655220426075e-01 3.891633979250930242e-01 2.425368649088206763e-01 3.685660986834987107e-01 3.375570748826597911e-01 3.095193193420526234e-01
6.008556929820323411e-01 5.059654760872009938e-01 5.764692153870192293e-01 4.649757148374429327e-01 4.788646690886565471e-01 4.305837466454754958e-01 4.183379738225013744e-01 3.011120311935401306e-01 4.711381021790284063e-01 5.501716138085495089e-01 5.086305681284637448e-01 4.710197581347597140e-01 3.752614476612223249e-01 4.886752586479556348e-01 5.356412921313183917e-01 6.686323244583768366e-01 5.679668496483896156e-01 4.661717014968244088e-01 4.451757754616280094e-01 3.746304723651461832e-01 3.351627979927012668e-01 3.295639153887776063e-01 4.234274447532735963e-01 2.274804499262945978e-01 5.205340003619151057e-01 5.813477059997447238e-01 3.966195674173183527e-01 3.891633979250930242e-01 1.870239774652089348e-01 4.585428537200202936e-01 5.334841776667040847e-01 2.995049540351263362e-01 3.907407483018336958e-01
4.140469527160909879e-01 4.477663786445194583e-01 4.305419464444804611e-01 4.856868219525599106e-01 4.114637684165975418e-01 3.539656175508254510e-01 2.379737452190871516e-01 4.121333581594155415e-01 5.435865241324837616e-01 3.787583470646644912e-01 3.193525731090332553e-01 2.114891255447874929e-01 4.323313649239636236e-01 3.203020205950795618e-01 5.622404313121643904e-01 5.108838266651728466e-01 6.409304346680028130e-01 5.788840506104041550e-01 2.845424083676897919e-01 3.974313380602551571e-01 5.316093542002860994e-01 3.234422609923264802e-01 2.660095122597988526e-01 4.404421002288663178e-01 2.698718729407852956e-01 3.616933914241901027e-01 5.360420521111392000e-01 2.425368649088206763e-01 4.585428537200202936e-01 1.510924170875898309e-01 2.832210087091869277e-01 4.056948595682106085e-01 3.546250314462260911e-01
3.925365865062935278e-01 4.456441122389218634e-01 4.518648193224329979e-01 5.075774341366245945e-01 4.807481832881120298e-01 3.904092850011635640e-01 3.350102651407679821e-01 5.000588738153092239e-01 5.712517708401471106e-01 3.064084087735229334e-01 3.734031603485584716e-01 2.562604836448497125e-01 4.801583558620753367e-01 3.080586396239345937e-01 5.732777388028670318e-01 4.854079613849560659e-01 6.604475001411979074e-01 6.132657679158897146e-01 3.281979855336262797e-01 4.499517282419779329e-01 5.857341356327860904e-01 4.196879115211108457e-01 3.822827299319390693e-01 5.105948397759408897e-01 2.862917019711246902e-01 2.981622306274995249e-01 5.801197063312970581e-01 3.685660986834987107e-01 5.334841776667040847e-01 2.832210087091869277e-01 1.715589064046929568e-01 4.742006025522316204e-01 4.109568866900050743e-01
5.774694294240924064e-01 4.078628218516893167e-01 5.717369381248880167e-01 3.668658910345352075e-01 5.008490441360663459e-01 3.152337455116306364e-01 3.371327981817088260e-01 3.716467292006859213e-01 4.014085474394289976e-01 4.721403005579908885e-01 4.935919951677599227e-01 3.989949260425593169e-01 2.379053667956322615e-01 3.998551013374100904e-01 4.615831914939772518e-01 6.503352472819562413e-01 5.238763148846613538e-01 4.260048250949886595e-01 3.513555117981758125e-01 2.250686273846552177e-01 3.446971461462814412e-01 2.611258425014837403e-01 4.077014105808349220e-01 2.068617510321942299e-01 4.855413246380895775e-01 5.428623506439123059e-01 3.561717035280038135e-01 3.375570748826597911e-01 2.995049540351263362e-01 4.056948595682106085e-01 4.742006025522316204e-01 1.907326431915934151e-01 2.596316376511879631e-01
5.445150500887356859e-01 3.363786092168347674e-01 5.537563247540483458e-01 3.398515153936618183e-01 5.057624702483024537e-01 1.809032909891591656e-01 2.629431756292310851e-01 4.183830955661217432e-01 4.122364287114057557e-01 3.947251762988915336e-01 4.705257403686898821e-01 3.243940787207467147e-01 2.502253278615220733e-01 3.058125650589365030e-01 4.455636014837390246e-01 6.210722761989906360e-01 5.345009721939840697e-01 4.591220293493956106e-01 2.483267895817408977e-01 1.837954942064935482e-01 4.217830875156158843e-01 2.729321093239546747e-01 3.945195749959225506e-01 3.316473665812806892e-01 4.452100587499457918e-01 4.977877926638559769e-01 4.095971998964978988e-01 3.095193193420526234e-01 3.907407483018336958e-01 3.546250314462260911e-01 4.109568866900050743e-01 2.596316376511879631e-01 1.685970551268679840e-01
